%MAG_readings

minX = [-00070 +00210 +00206;   
-00075 +00198 +00218;   
-00081 +00204 +00212;   
-00064 +00204 +00206;   
-00040 +00204 +00200;   
-00070 +00192 +00212;   
-00064 +00210 +00188;   
-00070 +00216 +00224;   
-00058 +00192 +00206;   
-00064 +00192 +00206;   
-00052 +00204 +00212;   
-00064 +00210 +00200;   
-00064 +00192 +00224;   
-00070 +00198 +00194;   
-00075 +00210 +00206;   
-00064 +00187 +00212;   
-00064 +00198 +00212;   
-00070 +00210 +00200;   
-00064 +00192 +00212;   
-00081 +00192 +00218;   
-00064 +00192 +00188;   
-00058 +00198 +00200;   
-00058 +00192 +00218;   
-00070 +00204 +00194;   
-00070 +00204 +00200;   
-00052 +00198 +00188;   
-00075 +00216 +00194;   
-00058 +00204 +00206;   
-00070 +00198 +00206;   
-00052 +00187 +00200;   
-00075 +00204 +00188;   
-00052 +00198 +00200;   
-00075 +00192 +00194;   
-00070 +00198 +00206;   
-00058 +00198 +00206;   
-00070 +00204 +00206;   
-00058 +00210 +00200;   
-00058 +00198 +00218;   
-00081 +00204 +00206;   
-00081 +00216 +00188;   
-00058 +00204 +00194;   
-00046 +00204 +00212;   
-00052 +00216 +00200;   
-00087 +00204 +00206;   
-00052 +00198 +00194;   
-00058 +00198 +00206;   
-00075 +00204 +00194;   
-00064 +00198 +00218;   
-00070 +00204 +00188;   
-00070 +00192 +00212;   
-00058 +00222 +00206;   
-00064 +00204 +00224;   
-00081 +00192 +00200;   
-00064 +00216 +00200;   
-00075 +00192 +00194;   
-00070 +00198 +00194;   
-00064 +00204 +00206;   
-00075 +00210 +00200;   
-00052 +00198 +00206;   
-00052 +00227 +00212;   
-00081 +00210 +00200;   
-00070 +00198 +00212;   
-00058 +00210 +00200;   
-00064 +00204 +00194;   
-00052 +00204 +00206;   
-00064 +00222 +00212;   
-00046 +00198 +00218;   
-00070 +00210 +00212;   
-00081 +00204 +00212;   
-00075 +00222 +00206;   
-00058 +00187 +00200;   
-00070 +00210 +00194;   
-00058 +00210 +00218;   
-00040 +00198 +00194;   
-00070 +00198 +00194;   
-00081 +00198 +00206;   
-00064 +00216 +00206;   
-00070 +00198 +00218;   
-00064 +00192 +00212;   
-00087 +00222 +00212;   
-00052 +00192 +00206;   
-00087 +00204 +00212;   
-00064 +00204 +00194;   
-00075 +00192 +00188;   
-00075 +00198 +00218;   
-00070 +00210 +00212;   
-00064 +00192 +00200;   
-00058 +00198 +00200;   
-00058 +00198 +00206;   
-00070 +00192 +00218;   
-00040 +00204 +00206;   
-00064 +00216 +00200;   
-00070 +00204 +00206;   
-00070 +00216 +00212;   
-00058 +00192 +00200;   
-00075 +00216 +00218;   
-00070 +00204 +00218;   
-00064 +00198 +00194;   
-00058 +00216 +00224;   
-00070 +00187 +00200;   
-00058 +00210 +00188;   
-00070 +00210 +00194;   
-00046 +00222 +00200;   
-00070 +00198 +00200;   
-00087 +00210 +00218;   
-00070 +00204 +00218;   
-00058 +00216 +00182;   
-00052 +00204 +00212;   
-00075 +00198 +00194;   
-00081 +00198 +00212;   
-00058 +00210 +00194;   
-00075 +00192 +00206;   
-00075 +00192 +00212;   
-00075 +00187 +00200;   
-00064 +00216 +00206;   
-00064 +00198 +00194;   
-00064 +00222 +00212;   
-00046 +00222 +00212;   
-00052 +00204 +00206;   
-00052 +00198 +00188;   
-00081 +00210 +00225;   
-00075 +00192 +00212;   
-00064 +00198 +00206;   
-00058 +00216 +00218;   
-00064 +00210 +00200;   
-00081 +00210 +00206;   
-00064 +00216 +00206;   
-00052 +00210 +00194;   
-00058 +00204 +00218;   
-00070 +00204 +00212;   
-00081 +00192 +00200;   
-00075 +00210 +00224;   
-00075 +00227 +00218;   
-00075 +00198 +00212;   
-00075 +00216 +00206;   
-00058 +00204 +00188;   
-00070 +00198 +00194;   
-00058 +00216 +00218;   
-00075 +00198 +00212;   
-00064 +00192 +00200;   
-00064 +00216 +00200;   
-00064 +00204 +00218;   
-00058 +00198 +00194;   
-00058 +00204 +00206;   
-00052 +00210 +00188;   
-00070 +00192 +00218;   
-00064 +00204 +00188;   
-00075 +00222 +00224;   
-00075 +00198 +00194;   
-00058 +00204 +00206;   
-00070 +00227 +00206;   
-00058 +00198 +00200;   
-00075 +00216 +00200;   
-00070 +00210 +00212;   
-00052 +00204 +00212;   
-00040 +00222 +00206;   
-00075 +00222 +00206;   
-00064 +00198 +00194;   
-00081 +00192 +00206;   
-00075 +00216 +00231;   
-00081 +00198 +00224;   
-00070 +00198 +00206;   
-00075 +00222 +00200;   
-00070 +00192 +00188;   
-00070 +00192 +00206;   
-00064 +00204 +00194;   
-00064 +00181 +00212;   
-00070 +00198 +00182;   
-00058 +00210 +00194;   
-00052 +00198 +00212;   
-00064 +00204 +00212;   
-00058 +00210 +00200;   
-00075 +00204 +00206;   
-00070 +00216 +00188;   
-00046 +00204 +00206;   
-00064 +00204 +00194;   
-00075 +00204 +00212;   
-00064 +00210 +00194;   
-00058 +00192 +00194;   
-00058 +00198 +00194;   
-00058 +00204 +00194;   
-00052 +00204 +00200;   
-00070 +00198 +00212;   
-00052 +00198 +00218;   
-00070 +00198 +00200;   
-00064 +00198 +00200;   
-00075 +00198 +00188;   
-00064 +00204 +00218;   
-00064 +00216 +00200;   
-00081 +00198 +00200;   
-00099 +00204 +00200;   
-00052 +00210 +00206;   
-00058 +00210 +00206;   
-00058 +00204 +00206;   
-00075 +00210 +00212;   
-00046 +00216 +00206;   
-00070 +00192 +00212;   
-00064 +00210 +00194;   
-00070 +00233 +00206;   
-00093 +00210 +00194;   
-00064 +00198 +00206;   
-00064 +00210 +00224;   
-00070 +00198 +00206;   
-00052 +00210 +00200;   
-00064 +00198 +00206;   
-00075 +00216 +00200;   
-00070 +00192 +00218;   
-00058 +00204 +00206;   
-00075 +00210 +00218;   
-00064 +00204 +00182;   
-00058 +00204 +00200;   
-00058 +00210 +00218;   
-00075 +00198 +00200;   
-00064 +00192 +00218;   
-00046 +00210 +00206;   
-00070 +00210 +00206;   
-00070 +00216 +00200;   
-00064 +00198 +00206;   
-00081 +00204 +00212;   
-00058 +00210 +00206;   
-00070 +00192 +00200;   
-00058 +00192 +00212;   
-00075 +00198 +00194;   
-00081 +00210 +00206;   
-00064 +00204 +00206;   
-00070 +00204 +00200;   
-00064 +00222 +00200;   
-00081 +00204 +00218;   
-00064 +00204 +00200;   
-00070 +00210 +00188;   
-00070 +00187 +00206;   
-00052 +00222 +00212;   
-00070 +00204 +00206;   
-00075 +00204 +00200;   
-00052 +00204 +00200;   
-00052 +00204 +00206;   
-00046 +00210 +00194;   
-00070 +00204 +00206;   
-00064 +00198 +00200;   
-00064 +00210 +00200;   
-00058 +00210 +00200;   
-00070 +00198 +00212;   
-00064 +00181 +00188;   
-00070 +00216 +00218;   
-00070 +00204 +00218;   
-00070 +00210 +00194;   
-00064 +00222 +00206;   
-00058 +00204 +00212;   
-00064 +00192 +00206;   
-00081 +00204 +00218;   
-00052 +00192 +00218;   
-00058 +00175 +00206;   
-00058 +00216 +00212;   
-00075 +00216 +00212;   
-00070 +00204 +00206;   
-00081 +00216 +00212;   
-00087 +00216 +00200;   
-00046 +00198 +00194;   
-00064 +00216 +00212;   
-00070 +00204 +00182;   
-00070 +00222 +00224;   
-00070 +00204 +00212;   
-00052 +00204 +00206;   
-00070 +00198 +00206;   
-00046 +00227 +00206;   
-00075 +00192 +00224;   
-00052 +00204 +00200;   
-00064 +00216 +00200;   
-00070 +00198 +00206;   
-00075 +00204 +00206;   
-00081 +00204 +00194;   
-00052 +00198 +00218;   
-00070 +00198 +00206;   
-00058 +00198 +00200;   
-00058 +00192 +00206;   
-00075 +00222 +00218;   
-00070 +00233 +00188;   
-00058 +00198 +00200;   
-00081 +00222 +00194;   
-00046 +00198 +00206;   
-00081 +00192 +00200;   
-00058 +00222 +00200;   
-00070 +00204 +00206;   
-00075 +00192 +00212;   
-00070 +00198 +00200;   
-00075 +00210 +00212;   
-00052 +00192 +00206;   
-00081 +00204 +00206;   
-00070 +00198 +00188;   
-00058 +00204 +00206;   
-00052 +00210 +00200;   
-00064 +00216 +00212;   
-00070 +00222 +00218;   
-00070 +00192 +00200;   
-00046 +00204 +00231;   
-00070 +00210 +00218;   
-00087 +00198 +00218;   
-00058 +00198 +00206;   
-00064 +00216 +00200;   
-00075 +00198 +00200;   
-00058 +00198 +00206;   
-00064 +00204 +00206;   
-00052 +00222 +00194;   
-00064 +00210 +00206;   
-00070 +00198 +00212;   
-00040 +00198 +00188;   
-00070 +00204 +00194;   
-00070 +00204 +00206;   
-00064 +00204 +00194;   
-00058 +00210 +00206;   
-00070 +00210 +00212;   
-00081 +00192 +00188;   
-00081 +00204 +00218;   
-00075 +00210 +00200;   
-00058 +00204 +00206;   
-00058 +00216 +00200;   
-00075 +00210 +00212;   
-00075 +00192 +00206;   
-00052 +00210 +00230;   
