
tumble_acc = [-00173 -00626 +00640;   
-00189 -00546 +00795;   
-00285 -00612 +00785;   
-00475 -00595 +00756;   
-00635 -00514 +00668;   
-00708 -00383 +00610;   
-00819 -00285 +00501;   
-00840 -00250 +00410;   
-00980 -00236 +00268;   
-00962 -00158 +00180;   
-01026 -00512 +00035;   
-00998 -00327 -00068;   
-00889 -00376 -00120;   
-00828 -00432 -00216;   
-00819 -00520 -00338;   
-00704 -00574 -00471;   
-00648 -00564 -00259;   
-00618 -00604 -00717;   
-00610 -00530 -00661;   
-00614 -00528 -00751;   
-00535 -00484 -00616;   
-00360 -00493 -00841;   
-00332 -00356 -00943;   
-00308 -00185 -00921;   
-00198 -00111 -00975;   
-00148 -00034 -00974;   
-00119 +00022 -00966;   
-00050 +00099 -01017;   
-00018 +00146 -00991;   
+00060 +00263 -00985;   
+00054 +00272 -00919;   
+00112 +00316 -00916;   
+00215 +00359 -00922;   
+00327 +00450 -00865;   
+00361 +00761 -00789;   
+00412 +00543 -00721;   
+00456 +00577 -00749;   
+00466 +00570 -00637;   
+00516 +00607 -00565;   
+00636 +00589 -00508;   
+00645 +00545 -00454;   
+00688 +00563 -00379;   
+01021 +00597 -00309;   
+00725 +00622 -00358;   
+00697 +00636 -00013;   
+00667 +00730 -00034;   
+00606 +00748 +00064;   
+00516 +00812 +00146;   
+00464 +00869 +00280;   
+00379 +00902 +00380;   
+00315 +00889 +00448;   
+00145 +00782 +00578;   
+00036 +00675 +00655;   
-00072 +00558 +00747;   
-00223 +00447 +00925;   
-00279 +00313 +00917;   
-00302 +00208 +00940;   
-00360 +00060 +00892;   
-00428 -00060 +00939;   
-00463 -00247 +00934;   
-00456 -00321 +00849;   
-00436 -00395 +00832;   
-00427 -00476 +00806;   
-00440 -00552 +00716;   
-00517 -00715 +00632;   
-00339 -00684 +00651;   
-00396 -00781 +00532;   
-00348 -00807 +00509;   
-00392 -00792 +00617;   
-00591 -00587 +00564;   
-00750 -00447 +00546;   
-00822 -00433 +00435;   
-00900 -00388 +00374;   
-00948 -00264 +00334;   
-00965 -00116 +00257;   
-00979 +00020 +00179;   
-00972 +00128 +00116;   
-00952 +00209 +00013;   
-00921 +00331 -00106;   
-00828 +00464 -00239;   
-00736 +00551 -00315;   
-00668 +00617 -00311;   
-00570 +00656 -00317;   
-00490 +00715 -00446;   
-00299 +00807 -00499;   
-00162 +00881 -00484;   
-00031 +00840 -00264;   
+00113 +00859 -00447;   
+00285 +00885 -00344;   
+00454 +00840 -00300;   
+00604 +00514 -00005;   
+00678 +00706 -00288;   
+00825 +00257 -00215;   
+00925 +00436 -00059;   
+00922 +00377 +00063;   
+00944 +00267 +00142;   
+00906 +00194 +00250;   
+00870 +00052 +00333;   
+00896 -00098 +00362;   
+00895 -00134 +00482;   
+00855 -00252 +00441;   
+00754 -00341 +00506;   
+00671 -00410 +00555;   
+00563 -00481 +00565;   
+00433 -00593 +00529;   
+00332 -00451 +00687;   
+00370 -00516 +00785;   
+00368 -00654 +00763;   
+00133 -00734 +00667;   
-00047 -00593 +00889;   
-00255 -00623 +00752;   
-00215 -00656 +01021;   
-00348 -00656 +00723;   
-00348 -00634 +00664;   
-00477 -00630 +00515;   
-00546 -00539 +00661;   
-00673 -00444 +00742;   
-00671 -00407 +00545;   
-00514 -00186 +00615;   
-00729 -00119 +00574;   
-00873 -00153 +00543;   
-00922 +00076 +00479;   
-00984 +00198 +00602;   
-00801 +00207 +00214;   
-00988 +00159 -00048;   
-00972 +00194 -00202;   
-00910 +00154 -00344;   
-00857 +00125 -00758;   
-00723 +00077 -00655;   
-00524 +00021 -00803;   
-00360 -00012 -00890;   
-00251 -00125 -00944;   
-00025 -00177 -00949;   
+00095 -00216 -00918;   
+00293 -00270 -00880;   
+00389 -00309 -00839;   
+00625 -00747 -00689;   
+00729 -00530 -00595;   
+00760 -00529 -00570;   
+00711 -00578 -00462;   
+00650 -00688 -00084;   
+00535 -00842 -00250;   
+00320 -00964 -00194;   
+00659 -00902 -00032;   
+00017 -01014 -00107;   
-00121 -01010 +00002;   
-00296 -00940 +00232;   
-00431 -00911 +00262;   
-00542 -00922 +00112;   
-00581 -00804 +00059;   
-00732 -00694 +00117;   
-00873 -00601 +00027;   
-00954 -00475 -00045;   
-00936 -00322 -00190;   
-00903 -00200 -00404;   
-00859 -00204 -00453;   
-00743 -00020 -00608;   
-00822 +00064 -00583;   
-00722 +00242 -00576;   
-00684 +00411 -00608;   
-00682 +00548 -00555;   
-00625 +00558 -00500;   
-00697 +00646 -00280;   
-00710 +00670 -00133;   
-00748 +00647 +00009;   
-00732 +00638 +00112;   
-00734 +00656 +00221;   
-00775 +00528 +00297;   
-00760 +00518 +00462;   
-00773 +00374 +00538;   
-00725 +00273 +00558;   
-01024 +00208 +00523;   
-00819 +00033 +00621;   
-00792 -00149 +00613;   
-00832 -00341 +00667;   
-00695 -00490 +00616;   
-00516 -00692 +00485;   
-00332 -00518 +00556;   
-00172 -00781 +00593;   
+00028 -00864 +00596;   
+00152 -00962 +00462;   
+00344 -00918 +00217;   
+00473 -00849 +00123;   
+00631 -00757 +00001;   
+00742 -00608 -00068;   
+00794 -00477 -00296;   
+00844 -00322 -00428;   
+00867 -00132 -00536;   
+00864 -00015 -00613;   
+00710 +00144 -00714;   
+00601 +00322 -00782;   
+00491 +00464 -00694;   
+00381 +00537 -00747;   
+00000 +00637 -00726;   
+00050 +00711 -00697;   
-00083 +00707 -00725;   
-00300 +00718 -00792;   
-00410 +00624 -00689;   
-00517 +00473 -00700;   
-00675 +00338 -00638;   
-00834 +00234 -00557;   
-00852 +00107 -00434;   
-00883 +00047 -00378;   
-00967 -00158 -00275;   
-00922 -00317 -00286;   
-00899 -00466 -00172;   
-00837 -00489 +00045;   
-00818 -00572 +00134;   
-00781 -00645 +00320;   
-00708 -00604 +00419;   
-00620 -00570 +00520;   
-00530 -00521 +00743;   
-00410 -00472 +00846;   
-00348 -00504 +00816;   
-00250 -00563 +00848;   
-00134 -00573 +00796;   
+00079 -00570 +00863;   
+00222 -00537 +00741;   
+00289 -00620 +00559;   
+00325 -00707 +00600;   
+00367 -00758 +00559;   
+00362 -00759 +00552;   
+00421 -00758 +00491;   
+00465 -00768 +00403;   
+00577 -00748 +00335;   
+00641 -00681 +00269;   
+00736 -00633 +00226;   
+00763 -00557 +00191;   
+00805 -00759 +00174;   
+00900 -00380 +00140;   
+00969 -00299 +00065;   
+00957 -00157 +00054;   
+00951 -00020 +00006;   
+00952 +00132 -00043;   
+00939 +00275 -00141;   
+00906 +00374 -00058;   
+00855 +00474 -00077;   
+00848 +00531 -00132;   
+00789 +00566 -00192;   
+00722 +00649 -00183;   
+00661 +00708 -00224;   
+00593 +00734 -00302;   
+00493 +00769 -00354;   
+00415 +00788 -00411;   
+00347 +00816 -00510;   
+00266 +00793 -00537;   
+00219 +00804 -00563;   
+00154 +00764 -00623;   
+00092 +00721 -00675;   
-00002 +00652 -00759;   
-00087 +00561 -00839;   
-00145 +00490 -00864;   
-00276 +00425 -00859;   
-00333 +00297 -00901;   
-00326 +00177 -00904;   
-00364 +00072 -00877;   
-00383 +00013 -00901;   
-00368 -00125 -00953;   
-00297 -00183 -00925;   
-00270 -00288 -00948;   
-00209 -00375 -00923;   
-00148 -00363 -00967;   
-00027 -00296 -00963;   
+00102 -00190 -01006;   
+00158 -00033 -01020;   
+00235 +00131 -00947;   
+00233 +00236 -00918;   
+00184 +00388 -00896;   
+00139 +00504 -00897;   
+00074 +00570 -00777;   
+00042 +00657 -00806;   
+00044 +00738 -00665;   
+00137 +00773 -00557;   
+00195 +00825 -00491;   
+00259 +00854 -00400;   
+00292 +00908 -00267;   
+00313 +00965 -00134;   
+00316 +00983 -00111;   
+00322 +00976 +00004;   
+00348 +00919 +00089;   
+00381 +00856 +00201;   
+00456 +00826 +00275;   
+00473 +00800 +00271;   
+00497 +01019 +00341;   
+00565 +00703 +00401;   
+00636 +00615 +00451;   
+00633 +00506 +00535;   
+00657 +00364 +00550;   
+00614 +00365 +00637;   
+00588 +00269 +00694;   
+00612 +00106 +00708;   
+00656 +00036 +00757;   
+00722 -00062 +00746;   
+00732 -00242 +00639;   
+00701 -00445 +00568;   
+00684 -00530 +00487;   
+00630 -00610 +00429;   
+00508 -00713 +00367;   
+00509 -00762 +00403;   
+00425 -00813 +00362;   
+00328 -00863 +00311;   
+00249 -00961 +00237;   
+00144 -00974 +00154;   
+00082 -01093 -00044;   
+00252 -00787 -00085;   
-00015 -00990 -00204;   
-00023 -00972 -00346;   
-00006 -00859 -00504;   
+00050 -00771 -00610;   
+00097 -00696 -00732;   
+00174 -00568 -00806;   
+00253 -00435 -00886;   
+00346 -00317 -00992;   
+00445 -00084 -00911;   
+00497 +00249 -00873;   
+00561 +00142 -00799;   
+00614 +00281 -00639;   
+00677 +00760 -00695;   
+00658 +00620 -00464;   
